Canvas 50x25
Background: ' '
Content:
                                                  
                                                  
                                                  
                     111111111                    
                    11222222211                   
                   1222333332221                  
                  122333444333221                 
                 12233444444433221                
                1123344555554433211               
                1223445666665443221               
                1233456677766543321               
                1234456778776544321               
                1234456789876544321               
                1234456778776544321               
                1233456677766543321               
                1223445666665443221               
                1123344555554433211               
                 12233444444433221                
                  122333444333221                 
                   1222333332221                  
                    11222222211                   
                     111111111                    
                                                  
                                                  
                                                  
